#    ID             RA        E_RA       DEC      E_DEC    S180    E_S180    SI      E_SI 
 J2214.4-1701     333.61     0.35     -17.03     0.33     68.00     7.23    -1.03     0.17
 J0522.9-3627     80.75     0.34     -36.46     0.33     61.86     6.39    -0.62     0.14
 J2107.3-2526     316.83     0.37     -25.44     0.40     49.90     5.38    -0.92     0.17
 J0626.4-5341     96.60     0.34     -53.69     0.34     48.38     5.15    -1.05     0.17
 J0444.6-2809     71.16     0.34     -28.17     0.33     42.49     4.52    -0.70     0.17
 J0133.9-3628     23.50     0.60     -36.48     0.35     34.08     3.54    -0.84     0.14
 J0046.2-4207     11.57     0.34     -42.13     0.34     32.47     3.45    -0.71     0.17
 J0351.6-2743     57.90     0.37     -27.73     0.34     28.51     3.07    -0.76     0.17
 J0658.9-2417     104.74     0.35     -24.29     0.33     28.26     3.01    -0.78     0.17
 J2334.4-4125     353.61     0.34     -41.42     0.33     27.29     2.90    -0.73     0.17
 J0636.4-2032     99.12     0.34     -20.53     0.47     25.59     2.76    -0.83     0.17
 J2253.0-4057     343.27     0.34     -40.96     0.33     25.41     2.70    -0.81     0.17
 J0428.9-5348     67.24     0.40     -53.82     0.34     24.46     2.64    -0.84     0.17
 J0237.7-1932     39.44     0.34     -19.55     0.33     24.02     2.56    -0.66     0.17
 J0108.3-1604     17.08     0.35     -16.08     0.33     23.71     2.52    -0.76     0.17
 J2101.6-2801     315.40     0.35     -28.03     0.41     23.54     2.55    -1.08     0.17
 J0351.4-1429     57.87     0.35     -14.49     0.33     22.60     2.41    -1.00     0.17
 J2357.0-3445     359.26     0.34     -34.76     0.33     21.82     2.32    -1.07     0.17
 J0747.5-1917     116.88     0.35     -19.30     0.33     21.65     2.31    -0.82     0.17
 J0120.4-1520     20.12     0.35     -15.34     0.33     21.63     2.30    -0.60     0.17
 J0025.8-2602     6.46     0.34     -26.04     0.32     21.37     2.27    0.15     0.17
 J0717.3-2505     109.33     0.35     -25.08     0.33     20.54     2.19    -0.45     0.17
 J0626.7-5432     96.70     0.34     -54.54     0.36     20.20     2.15    -1.00     0.17
 J0200.2-3053     30.06     0.34     -30.89     0.33     20.06     2.13    -0.66     0.17
 J0105.3-4505     16.34     0.35     -45.09     0.34     19.30     2.05    -0.93     0.17
 J0042.1-4413     10.54     0.34     -44.23     0.33     19.00     2.02    -0.63     0.17
 J0455.2-3006     73.81     0.34     -30.12     0.33     19.00     2.02    -0.70     0.17
 J0512.8-4824     78.22     0.35     -48.40     0.34     18.87     2.01    -0.92     0.17
 J0429.6-3630     67.42     0.34     -36.52     0.33     18.38     1.90    -0.85     0.14
 J0627.1-3529     96.78     0.34     -35.49     0.33     18.12     1.87    -0.72     0.14
 J0821.4-3010     125.36     0.47     -30.18     0.39     18.08     1.98    -0.57     0.19
 J0346.5-3422     56.63     0.39     -34.38     0.34     18.08     1.93    -0.51     0.17
 J0510.5-1838     77.64     0.35     -18.65     0.33     17.76     1.89    -1.29     0.17
 J0455.4-2034     73.85     0.34     -20.57     0.33     17.47     1.86    -0.55     0.17
 J0246.9-5541     41.74     0.34     -55.69     0.34     17.31     1.84    -1.01     0.17
 J0024.5-2929     6.13     0.34     -29.48     0.33     16.98     1.81    -0.73     0.17
 J0749.7-4412     117.43     0.34     -44.21     0.33     16.95     1.80    -0.78     0.17
 J0150.6-2932     27.65     0.35     -29.54     0.33     16.74     1.78    -0.75     0.17
 J0321.3-4510     50.33     0.37     -45.17     0.37     16.70     1.80    -0.92     0.17
 J2321.0-1623     350.26     0.34     -16.39     0.33     16.59     1.77    -0.78     0.17
 J0519.7-4546     79.93     0.48     -45.77     0.36     16.45     1.77    -0.38     0.17
 J0549.4-4051     87.35     0.34     -40.85     0.33     16.41     1.75    -0.73     0.17
 J2154.1-5149     328.53     0.34     -51.83     0.34     16.16     1.72    -0.83     0.17
 J0711.8-2043     107.95     0.35     -20.72     0.33     16.04     1.71    -0.79     0.17
 J2143.5-4312     325.89     0.34     -43.21     0.33     16.01     1.70    -0.85     0.17
 J0809.5-3905     122.39     0.35     -39.09     0.33     15.96     1.70    -0.94     0.17
 J0243.7-5111     40.93     0.34     -51.20     0.34     15.68     1.69    -0.85     0.17
 J0636.5-2042     99.13     0.34     -20.70     0.33     15.35     1.65    -0.83     0.17
 J0116.8-2052     19.22     0.34     -20.87     0.33     15.26     1.62    0.04     0.17
 J2227.0-5233     336.76     0.34     -52.55     0.34     15.24     1.62    -0.92     0.17
 J2116.5-2055     319.15     0.35     -20.93     0.33     15.04     1.60    -0.83     0.18
 J2319.9-2727     349.99     0.34     -27.46     0.35     14.76     1.57    -0.73     0.17
 J0521.6-2047     80.41     0.34     -20.80     0.33     14.64     1.56    -0.59     0.17
 J0621.6-5240     95.42     0.35     -52.68     0.34     14.62     1.56    -1.00     0.17
 J0052.2-4306     13.06     0.34     -43.11     0.33     14.60     1.55    -0.75     0.17
 J0256.2-2324     44.07     0.34     -23.42     0.33     14.47     1.54    -0.95     0.17
 J0010.5-4422     2.63     0.34     -44.38     0.33     14.18     1.51    -0.92     0.17
 J2326.5-4027     351.65     0.34     -40.45     0.33     13.96     1.49    -0.63     0.17
 J0648.2-3957     102.05     0.34     -39.95     0.34     13.93     1.48    -0.89     0.17
 J0717.1-3621     109.28     0.37     -36.36     0.34     13.64     1.41    -0.73     0.14
 J0737.8-3812     114.45     0.34     -38.22     0.33     13.34     1.42    -0.80     0.17
 J0216.7-4749     34.19     0.34     -47.82     0.45     13.17     1.40    -1.01     0.17
 J0606.5-2022     91.64     0.35     -20.37     0.33     13.10     1.39    -0.53     0.17
 J2341.3-5816     355.33     0.34     -58.27     0.34     12.97     1.38    -0.79     0.17
 J0047.5-2517     11.89     0.36     -25.29     0.34     12.94     1.38    -1.05     0.17
 J0035.1-2004     8.79     0.34     -20.07     0.33     12.90     1.37    -0.67     0.17
 J0458.4-3007     74.61     0.35     -30.12     0.33     12.84     1.37    -0.81     0.17
 J0059.1-1700     14.78     0.35     -17.02     0.33     12.63     1.34    -0.77     0.17
 J0416.0-2056     64.02     0.34     -20.94     0.33     12.62     1.34    -0.67     0.17
 J0536.2-4944     84.06     0.34     -49.74     0.33     12.56     1.34    -0.77     0.17
 J0130.4-2610     22.62     0.34     -26.17     0.33     12.42     1.32    -0.82     0.17
 J0722.1-1848     110.54     0.35     -18.81     0.33     12.41     1.32    -0.87     0.17
 J2137.8-2042     324.46     0.35     -20.71     0.33     12.32     1.31    -0.14     0.17
 J2229.7-3823     337.45     0.34     -38.39     0.33     12.23     1.30    -0.24     0.17
 J2156.9-1813     329.24     0.35     -18.23     0.33     12.22     1.30    -1.05     0.17
 J0412.8-5600     63.21     0.34     -56.01     0.34     12.02     1.28    -0.79     0.17
 J0334.1-3900     53.54     0.46     -39.01     0.48     12.00     1.28    -0.10     0.18
 J0709.3-3602     107.35     0.53     -36.04     0.42     11.91     1.24    -0.95     0.14
 J2118.1-3019     319.54     0.35     -30.32     0.33     11.78     1.26    -0.77     0.17
 J2302.4-3717     345.60     0.34     -37.30     0.33     11.77     1.22    -0.44     0.14
 J0720.2-5525     110.07     0.34     -55.42     0.34     11.41     1.21    -0.86     0.17
 J0312.7-1450     48.20     0.35     -14.83     0.33     11.30     1.20    -0.69     0.17
 J0038.4-3859     9.61     0.34     -39.00     0.33     11.29     1.20    -0.92     0.17
 J2131.0-2036     322.75     0.35     -20.62     0.33     11.15     1.19    -0.76     0.17
 J0400.2-1610     60.07     0.35     -16.17     0.33     11.08     1.18    -0.85     0.17
 J2256.8-5158     344.20     0.34     -51.97     0.33     11.06     1.18    -0.73     0.17
 J0225.0-2312     36.27     0.34     -23.22     0.33     11.00     1.17    -0.70     0.17
 J0706.5-2311     106.64     0.35     -23.20     0.33     10.99     1.17    -0.35     0.17
 J2123.0-1628     320.76     0.35     -16.47     0.33     10.97     1.18    -1.17     0.19
 J0747.3-1856     116.84     0.35     -18.95     0.33     10.92     1.17    -0.87     0.17
 J0810.6-4923     122.67     0.34     -49.40     0.33     10.81     1.17    -1.18     0.17
 J0604.2-3156     91.06     0.35     -31.93     0.33     10.78     1.15    -0.34     0.17
 J0023.1-2502     5.79     0.34     -25.05     0.33     10.75     1.14    -0.62     0.17
 J0456.1-2159     74.05     0.35     -21.99     0.33     10.73     1.14    -0.74     0.17
 J0003.3-1727     0.84     0.34     -17.46     0.33     10.63     1.13    -0.64     0.17
 J2219.7-2756     334.93     0.35     -27.94     0.33     10.45     1.11    -0.18     0.17
 J0603.2-3426     90.80     0.35     -34.44     0.33     10.45     1.11    -0.80     0.17
 J0620.0-3711     95.01     0.34     -37.19     0.33     10.41     1.08    -0.68     0.14
 J2206.1-1835     331.54     0.35     -18.59     0.33     10.40     1.11    -0.39     0.17
 J2255.7-5244     343.94     0.35     -52.74     0.36     10.30     1.11    -0.62     0.17
